====================
cycle:1 96	LW	R1, 128(R0)

registers:
r00:	0	0	0	0	0	0	0	0	
r08:	0	0	0	0	0	0	0	0	
r16:	0	0	0	0	0	0	0	0	
r24:	0	0	0	0	0	0	0	0	


172:	128	128	128	128	128	128	128	128	
204:	128	128	128	128	128	128	128	128	
236:	128	128	128	128	128	128	128	128	

====================
cycle:2 100	ADDI	R1, R1, #-8

registers:
r00:	0	-8	0	0	0	0	0	0	
r08:	0	0	0	0	0	0	0	0	
r16:	0	0	0	0	0	0	0	0	
r24:	0	0	0	0	0	0	0	0	


172:	-8	-8	-8	-8	-8	-8	-8	-8	
204:	-8	-8	-8	-8	-8	-8	-8	-8	
236:	-8	-8	-8	-8	-8	-8	-8	-8	

====================
cycle:3 104	SW	R1, 128(R0)

registers:
r00:	0	-8	0	0	0	0	0	0	
r08:	0	0	0	0	0	0	0	0	
r16:	0	0	0	0	0	0	0	0	
r24:	0	0	0	0	0	0	0	0	


172:	128	128	128	128	128	128	128	128	
204:	128	128	128	128	128	128	128	128	
236:	128	128	128	128	128	128	128	128	

====================
cycle:4 108	BLTZ	R1, #8

registers:
r00:	0	-8	0	0	0	0	0	0	
r08:	0	0	0	0	0	0	0	0	
r16:	0	0	0	0	0	0	0	0	
r24:	0	0	0	0	0	0	0	0	


172:	8	8	8	8	8	8	8	8	
204:	8	8	8	8	8	8	8	8	
236:	8	8	8	8	8	8	8	8	

====================
cycle:5 112	J	#96

registers:
r00:	0	-8	0	0	0	0	0	0	
r08:	0	0	0	0	0	0	0	0	
r16:	0	0	0	0	0	0	0	0	
r24:	0	0	0	0	0	0	0	0	


172:	96	96	96	96	96	96	96	96	
204:	96	96	96	96	96	96	96	96	
236:	96	96	96	96	96	96	96	96	

====================
cycle:6 124	BREAK

registers:
r00:	0	-8	0	0	0	0	0	0	
r08:	0	0	0	0	0	0	0	0	
r16:	0	0	0	0	0	0	0	0	
r24:	0	0	0	0	0	0	0	0	


172:	13	13	13	13	13	13	13	13	
204:	13	13	13	13	13	13	13	13	
236:	13	13	13	13	13	13	13	13	

