====================
cycle:1 96	LW	R1, 128(R0)

registers:
r00:	0	0	0	0	0	0	0	0	
r08:	0	0	0	0	0	0	0	0	
r16:	0	0	0	0	0	0	0	0	
r24:	0	0	0	0	0	0	0	0	


172:	128	128	128	128	128	128	128	128	
204:	128	128	128	128	128	128	128	128	
236:	128	128	128	128	128	128	128	128	

====================
cycle:2 100	LW	R2, 160(R0)

registers:
r00:	0	0	0	0	0	0	0	0	
r08:	0	0	0	0	0	0	0	0	
r16:	0	0	0	0	0	0	0	0	
r24:	0	0	0	0	0	0	0	0	


172:	160	160	160	160	160	160	160	160	
204:	160	160	160	160	160	160	160	160	
236:	160	160	160	160	160	160	160	160	

====================
cycle:3 104	SW	R1, 132(R0)

registers:
r00:	0	0	0	0	0	0	0	0	
r08:	0	0	0	0	0	0	0	0	
r16:	0	0	0	0	0	0	0	0	
r24:	0	0	0	0	0	0	0	0	


172:	132	132	132	132	132	132	132	132	
204:	132	132	132	132	132	132	132	132	
236:	132	132	132	132	132	132	132	132	

====================
cycle:4 108	LW	R3, 192(R0)

registers:
r00:	0	0	0	0	0	0	0	0	
r08:	0	0	0	0	0	0	0	0	
r16:	0	0	0	0	0	0	0	0	
r24:	0	0	0	0	0	0	0	0	


172:	192	192	192	192	192	192	192	192	
204:	192	192	192	192	192	192	192	192	
236:	192	192	192	192	192	192	192	192	

====================
cycle:5 112	SW	R1, 164(R0)

registers:
r00:	0	0	0	0	0	0	0	0	
r08:	0	0	0	0	0	0	0	0	
r16:	0	0	0	0	0	0	0	0	
r24:	0	0	0	0	0	0	0	0	


172:	164	164	164	164	164	164	164	164	
204:	164	164	164	164	164	164	164	164	
236:	164	164	164	164	164	164	164	164	

====================
cycle:6 116	LW	R4, 196(R0)

registers:
r00:	0	0	0	0	0	0	0	0	
r08:	0	0	0	0	0	0	0	0	
r16:	0	0	0	0	0	0	0	0	
r24:	0	0	0	0	0	0	0	0	


172:	196	196	196	196	196	196	196	196	
204:	196	196	196	196	196	196	196	196	
236:	196	196	196	196	196	196	196	196	

====================
cycle:7 120	BLTZ	R4, #-12

registers:
r00:	0	0	0	0	0	0	0	0	
r08:	0	0	0	0	0	0	0	0	
r16:	0	0	0	0	0	0	0	0	
r24:	0	0	0	0	0	0	0	0	


172:	-12	-12	-12	-12	-12	-12	-12	-12	
204:	-12	-12	-12	-12	-12	-12	-12	-12	
236:	-12	-12	-12	-12	-12	-12	-12	-12	

====================
cycle:8 124	BREAK

registers:
r00:	0	0	0	0	0	0	0	0	
r08:	0	0	0	0	0	0	0	0	
r16:	0	0	0	0	0	0	0	0	
r24:	0	0	0	0	0	0	0	0	


172:	13	13	13	13	13	13	13	13	
204:	13	13	13	13	13	13	13	13	
236:	13	13	13	13	13	13	13	13	

