====================
cycle:1 96	LW	R1, 136(R0)

registers:
r00:	0	0	0	0	0	0	0	0	
r08:	0	0	0	0	0	0	0	0	
r16:	0	0	0	0	0	0	0	0	
r24:	0	0	0	0	0	0	0	0	


172:	136	136	136	136	136	136	136	136	
204:	136	136	136	136	136	136	136	136	
236:	136	136	136	136	136	136	136	136	

====================
cycle:2 100	LW	R2, 136(R1)

registers:
r00:	0	0	0	0	0	0	0	0	
r08:	0	0	0	0	0	0	0	0	
r16:	0	0	0	0	0	0	0	0	
r24:	0	0	0	0	0	0	0	0	


172:	136	136	136	136	136	136	136	136	
204:	136	136	136	136	136	136	136	136	
236:	136	136	136	136	136	136	136	136	

====================
cycle:3 104	LW	R3, 136(R2)

registers:
r00:	0	0	0	0	0	0	0	0	
r08:	0	0	0	0	0	0	0	0	
r16:	0	0	0	0	0	0	0	0	
r24:	0	0	0	0	0	0	0	0	


172:	136	136	136	136	136	136	136	136	
204:	136	136	136	136	136	136	136	136	
236:	136	136	136	136	136	136	136	136	

====================
cycle:4 108	ADD	R4, R1, R3

registers:
r00:	0	0	0	0	0	0	0	0	
r08:	0	0	0	0	0	0	0	0	
r16:	0	0	0	0	0	0	0	0	
r24:	0	0	0	0	0	0	0	0	


172:	8224	8224	8224	8224	8224	8224	8224	8224	
204:	8224	8224	8224	8224	8224	8224	8224	8224	
236:	8224	8224	8224	8224	8224	8224	8224	8224	

====================
cycle:5 112	ADD	R3, R4, R2

registers:
r00:	0	0	0	0	0	0	0	0	
r08:	0	0	0	0	0	0	0	0	
r16:	0	0	0	0	0	0	0	0	
r24:	0	0	0	0	0	0	0	0	


172:	6176	6176	6176	6176	6176	6176	6176	6176	
204:	6176	6176	6176	6176	6176	6176	6176	6176	
236:	6176	6176	6176	6176	6176	6176	6176	6176	

====================
cycle:6 116	ADDI	R1, R2, #-5

registers:
r00:	0	-5	0	0	0	0	0	0	
r08:	0	0	0	0	0	0	0	0	
r16:	0	0	0	0	0	0	0	0	
r24:	0	0	0	0	0	0	0	0	


172:	-5	-5	-5	-5	-5	-5	-5	-5	
204:	-5	-5	-5	-5	-5	-5	-5	-5	
236:	-5	-5	-5	-5	-5	-5	-5	-5	

====================
cycle:7 120	ADDI	R3, R2, #-5

registers:
r00:	0	-5	0	-5	0	0	0	0	
r08:	0	0	0	0	0	0	0	0	
r16:	0	0	0	0	0	0	0	0	
r24:	0	0	0	0	0	0	0	0	


172:	-5	-5	-5	-5	-5	-5	-5	-5	
204:	-5	-5	-5	-5	-5	-5	-5	-5	
236:	-5	-5	-5	-5	-5	-5	-5	-5	

====================
cycle:8 124	SW	R1, 136(R0)

registers:
r00:	0	-5	0	-5	0	0	0	0	
r08:	0	0	0	0	0	0	0	0	
r16:	0	0	0	0	0	0	0	0	
r24:	0	0	0	0	0	0	0	0	


172:	136	136	136	136	136	136	136	136	
204:	136	136	136	136	136	136	136	136	
236:	136	136	136	136	136	136	136	136	

====================
cycle:9 128	BLTZ	R3, #-36

registers:
r00:	0	-5	0	-5	0	0	0	0	
r08:	0	0	0	0	0	0	0	0	
r16:	0	0	0	0	0	0	0	0	
r24:	0	0	0	0	0	0	0	0	


172:	-36	-36	-36	-36	-36	-36	-36	-36	
204:	-36	-36	-36	-36	-36	-36	-36	-36	
236:	-36	-36	-36	-36	-36	-36	-36	-36	

====================
cycle:10 132	BREAK

registers:
r00:	0	-5	0	-5	0	0	0	0	
r08:	0	0	0	0	0	0	0	0	
r16:	0	0	0	0	0	0	0	0	
r24:	0	0	0	0	0	0	0	0	


172:	13	13	13	13	13	13	13	13	
204:	13	13	13	13	13	13	13	13	
236:	13	13	13	13	13	13	13	13	

