====================
cycle:1 96	LW	R1, 144(R0)

registers:
r00:	0	0	0	0	0	0	0	0	
r08:	0	0	0	0	0	0	0	0	
r16:	0	0	0	0	0	0	0	0	
r24:	0	0	0	0	0	0	0	0	


172:	144	144	144	144	144	144	144	144	
204:	144	144	144	144	144	144	144	144	
236:	144	144	144	144	144	144	144	144	

====================
cycle:2 100	LW	R2, 148(R0)

registers:
r00:	0	0	0	0	0	0	0	0	
r08:	0	0	0	0	0	0	0	0	
r16:	0	0	0	0	0	0	0	0	
r24:	0	0	0	0	0	0	0	0	


172:	148	148	148	148	148	148	148	148	
204:	148	148	148	148	148	148	148	148	
236:	148	148	148	148	148	148	148	148	

====================
cycle:3 104	ADD	R3, R3, R1

registers:
r00:	0	0	0	0	0	0	0	0	
r08:	0	0	0	0	0	0	0	0	
r16:	0	0	0	0	0	0	0	0	
r24:	0	0	0	0	0	0	0	0	


172:	6176	6176	6176	6176	6176	6176	6176	6176	
204:	6176	6176	6176	6176	6176	6176	6176	6176	
236:	6176	6176	6176	6176	6176	6176	6176	6176	

====================
cycle:4 108	ADD	R3, R3, R2

registers:
r00:	0	0	0	0	0	0	0	0	
r08:	0	0	0	0	0	0	0	0	
r16:	0	0	0	0	0	0	0	0	
r24:	0	0	0	0	0	0	0	0	


172:	6176	6176	6176	6176	6176	6176	6176	6176	
204:	6176	6176	6176	6176	6176	6176	6176	6176	
236:	6176	6176	6176	6176	6176	6176	6176	6176	

====================
cycle:5 112	ADDI	R2, R2, #-1

registers:
r00:	0	0	-1	0	0	0	0	0	
r08:	0	0	0	0	0	0	0	0	
r16:	0	0	0	0	0	0	0	0	
r24:	0	0	0	0	0	0	0	0	


172:	-1	-1	-1	-1	-1	-1	-1	-1	
204:	-1	-1	-1	-1	-1	-1	-1	-1	
236:	-1	-1	-1	-1	-1	-1	-1	-1	

====================
cycle:6 116	BLTZ	R2, #4

registers:
r00:	0	0	-1	0	0	0	0	0	
r08:	0	0	0	0	0	0	0	0	
r16:	0	0	0	0	0	0	0	0	
r24:	0	0	0	0	0	0	0	0	


172:	4	4	4	4	4	4	4	4	
204:	4	4	4	4	4	4	4	4	
236:	4	4	4	4	4	4	4	4	

====================
cycle:7 120	J	#104

registers:
r00:	0	0	-1	0	0	0	0	0	
r08:	0	0	0	0	0	0	0	0	
r16:	0	0	0	0	0	0	0	0	
r24:	0	0	0	0	0	0	0	0	


172:	104	104	104	104	104	104	104	104	
204:	104	104	104	104	104	104	104	104	
236:	104	104	104	104	104	104	104	104	

====================
cycle:8 124	ADDI	R1, R1, #-1

registers:
r00:	0	-1	-1	0	0	0	0	0	
r08:	0	0	0	0	0	0	0	0	
r16:	0	0	0	0	0	0	0	0	
r24:	0	0	0	0	0	0	0	0	


172:	-1	-1	-1	-1	-1	-1	-1	-1	
204:	-1	-1	-1	-1	-1	-1	-1	-1	
236:	-1	-1	-1	-1	-1	-1	-1	-1	

====================
cycle:9 128	BLTZ	R1, #4

registers:
r00:	0	-1	-1	0	0	0	0	0	
r08:	0	0	0	0	0	0	0	0	
r16:	0	0	0	0	0	0	0	0	
r24:	0	0	0	0	0	0	0	0	


172:	4	4	4	4	4	4	4	4	
204:	4	4	4	4	4	4	4	4	
236:	4	4	4	4	4	4	4	4	

====================
cycle:10 132	J	#100

registers:
r00:	0	-1	-1	0	0	0	0	0	
r08:	0	0	0	0	0	0	0	0	
r16:	0	0	0	0	0	0	0	0	
r24:	0	0	0	0	0	0	0	0	


172:	100	100	100	100	100	100	100	100	
204:	100	100	100	100	100	100	100	100	
236:	100	100	100	100	100	100	100	100	

====================
cycle:11 136	SW	R3, 144(R0)

registers:
r00:	0	-1	-1	0	0	0	0	0	
r08:	0	0	0	0	0	0	0	0	
r16:	0	0	0	0	0	0	0	0	
r24:	0	0	0	0	0	0	0	0	


172:	144	144	144	144	144	144	144	144	
204:	144	144	144	144	144	144	144	144	
236:	144	144	144	144	144	144	144	144	

====================
cycle:12 140	BREAK

registers:
r00:	0	-1	-1	0	0	0	0	0	
r08:	0	0	0	0	0	0	0	0	
r16:	0	0	0	0	0	0	0	0	
r24:	0	0	0	0	0	0	0	0	


172:	13	13	13	13	13	13	13	13	
204:	13	13	13	13	13	13	13	13	
236:	13	13	13	13	13	13	13	13	

